

Determinante:24

L:

 | 1 |  | 0 |  | 0 |  | 0 |  | 0 |  | 0 | 
 | -0.25 |  | 1 |  | 0 |  | 0 |  | 0 |  | 0 | 
 | 0.0 |  | -0.26666666666666666 |  | 1 |  | 0 |  | 0 |  | 0 | 
 | -0.25 |  | -0.06666666666666667 |  | -0.017857142857142856 |  | 1 |  | 0 |  | 0 | 
 | 0.0 |  | -0.26666666666666666 |  | -0.07142857142857142 |  | -0.28708133971291866 |  | 1 |  | 0 | 
 | 0.0 |  | 0.0 |  | -0.26785714285714285 |  | -0.004784688995215311 |  | -0.31601123595505615 |  | 1 | 

U:

 | 4 |  | -1 |  | 0 |  | -1 |  | 0 |  | 0 | 
 | 0.0 |  | 3.75 |  | -1.0 |  | -0.25 |  | -1.0 |  | 0.0 | 
 | 0.0 |  | 0.0 |  | 3.7333333333333334 |  | -0.06666666666666667 |  | -0.26666666666666666 |  | -1.0 | 
 | 0.0 |  | 0.0 |  | 0.0 |  | 3.732142857142857 |  | -1.0714285714285714 |  | -0.017857142857142856 | 
 | 0.0 |  | 0.0 |  | 0.0 |  | 0.0 |  | 3.4066985645933014 |  | -1.076555023923445 | 
 | 0.0 |  | 0.0 |  | 0.0 |  | 0.0 |  | 0.0 |  | 3.3918539325842696 | 

Y:

 | 1.0 |  | 0.25 |  | 0.06666666666666667 |  | 0.26785714285714285 |  | 0.14832535885167464 |  | 0.06601123595505617 | 
 | 0.0 |  | 1.0 |  | 0.26666666666666666 |  | 0.07142857142857142 |  | 0.3062200956937799 |  | 0.1685393258426966 | 
 | 0.0 |  | 0.0 |  | 1.0 |  | 0.017857142857142856 |  | 0.07655502392344497 |  | 0.29213483146067415 | 
 | 0.0 |  | 0.0 |  | 0.0 |  | 1.0 |  | 0.28708133971291866 |  | 0.09550561797752807 | 
 | 0.0 |  | 0.0 |  | 0.0 |  | 0.0 |  | 1.0 |  | 0.31601123595505615 | 
 | 0.0 |  | 0.0 |  | 0.0 |  | 0.0 |  | 0.0 |  | 1.0 | 

X:

 | 0.294824016563147 |  | 0.09316770186335403 |  | 0.02815734989648033 |  | 0.08612836438923396 |  | 0.049689440993788817 |  | 0.019461697722567287 | 
 | 0.09316770186335405 |  | 0.3229813664596274 |  | 0.09316770186335403 |  | 0.04968944099378881 |  | 0.10559006211180123 |  | 0.04968944099378881 | 
 | 0.02815734989648033 |  | 0.09316770186335403 |  | 0.294824016563147 |  | 0.019461697722567284 |  | 0.049689440993788817 |  | 0.08612836438923395 | 
 | 0.08612836438923395 |  | 0.049689440993788817 |  | 0.019461697722567284 |  | 0.294824016563147 |  | 0.09316770186335403 |  | 0.028157349896480326 | 
 | 0.049689440993788817 |  | 0.10559006211180125 |  | 0.049689440993788817 |  | 0.09316770186335403 |  | 0.32298136645962733 |  | 0.09316770186335403 | 
 | 0.019461697722567287 |  | 0.049689440993788817 |  | 0.08612836438923395 |  | 0.02815734989648033 |  | 0.09316770186335403 |  | 0.294824016563147 | 

Determinante:24

L:

 | 1 |  | 0 |  | 0 |  | 0 |  | 0 |  | 0 | 
 | -0.25 |  | 1 |  | 0 |  | 0 |  | 0 |  | 0 | 
 | 0.0 |  | -0.26666666666666666 |  | 1 |  | 0 |  | 0 |  | 0 | 
 | -0.25 |  | -0.06666666666666667 |  | -0.017857142857142856 |  | 1 |  | 0 |  | 0 | 
 | 0.0 |  | -0.26666666666666666 |  | -0.07142857142857142 |  | -0.28708133971291866 |  | 1 |  | 0 | 
 | 0.0 |  | 0.0 |  | -0.26785714285714285 |  | -0.004784688995215311 |  | -0.31601123595505615 |  | 1 | 

U:

 | 4 |  | -1 |  | 0 |  | -1 |  | 0 |  | 0 | 
 | 0.0 |  | 3.75 |  | -1.0 |  | -0.25 |  | -1.0 |  | 0.0 | 
 | 0.0 |  | 0.0 |  | 3.7333333333333334 |  | -0.06666666666666667 |  | -0.26666666666666666 |  | -1.0 | 
 | 0.0 |  | 0.0 |  | 0.0 |  | 3.732142857142857 |  | -1.0714285714285714 |  | -0.017857142857142856 | 
 | 0.0 |  | 0.0 |  | 0.0 |  | 0.0 |  | 3.4066985645933014 |  | -1.076555023923445 | 
 | 0.0 |  | 0.0 |  | 0.0 |  | 0.0 |  | 0.0 |  | 3.3918539325842696 | 

Y:
 | 8.0 |  | 10.0 |  | 10.666666666666666 |  | 10.857142857142856 |  | 14.545454545454543 |  | 15.50561797752809 | 

X:
 | 4.571428571428571 |  | 5.7142857142857135 |  | 4.571428571428571 |  | 4.57142857142857 |  | 5.7142857142857135 |  | 4.571428571428571 | 